CON DV
 1000250.0
 1524210.0
 1789560.0
 1926140.0
 1996900.0
 2033970.0
 2053790.0
 2064810.0
 2071310.0
 2075490.0
 2078500.0
 2080890.0
 2082980.0
 2084910.0
 2086770.0
 2088590.0
 2090380.0
 2092160.0
 2093950.0
 2095730.0
 2097500.0
 2099290.0
 2101060.0
 2102850.0
 2104630.0
 2106420.0
 2108210.0
 2110000.0
 2111780.0
 2113580.0
 2115370.0
 2117160.0
 2118950.0
 2120750.0
 2122550.0
 2124350.0
 2126160.0
 2127960.0
 2129760.0
 2131580.0
 2133380.0
 2135190.0
 2137010.0
 2138820.0
 2140630.0
 2142450.0
 2144260.0
 2146080.0
 2147900.0
 2149730.0
 2151550.0
 2153370.0