! 1D-Data exported by FLUX v2.9.02 on  3 / 8 / 2020                                                                                                                                                                                                                                                                                                                                                                                                                                                                             
!
! Graph Title: FLUX v2.9.02 (11-DEC-2013)                                      
! X-Axis Title: X axis                                                          
! Y-Axis Title: Y axis                                                          
!
X axis | MESH POWER DENSITY (X= 24;Z=  1;T=  0.00) |
!
 2.0000E+00 0.0000E+00
 6.0000E+00 0.0000E+00
 1.0000E+01 0.0000E+00
 1.4000E+01 0.0000E+00
 1.8000E+01 4.9356E+00
 2.2000E+01 1.0131E+01
 2.6000E+01 1.5258E+01
 3.0000E+01 2.0447E+01
 3.4000E+01 2.5323E+01
 3.8000E+01 2.8129E+01
 4.2000E+01 6.2800E+01
 4.6000E+01 6.6632E+01
 5.0000E+01 7.3120E+01
 5.4000E+01 7.8546E+01
 5.8000E+01 8.2317E+01
 6.2000E+01 8.4333E+01
 6.6000E+01 8.5242E+01
 7.0000E+01 9.1238E+01
 7.4000E+01 4.7173E+01
 7.8000E+01 4.9628E+01
 8.2000E+01 4.9141E+01
 8.6000E+01 4.8188E+01
 9.0000E+01 4.7435E+01
 9.4000E+01 4.7042E+01
 9.8000E+01 4.7042E+01
 1.0200E+02 4.7435E+01
 1.0600E+02 4.8188E+01
 1.1000E+02 4.9141E+01
 1.1400E+02 4.9628E+01
 1.1800E+02 4.7173E+01
 1.2200E+02 9.1238E+01
 1.2600E+02 8.5242E+01
 1.3000E+02 8.4333E+01
 1.3400E+02 8.2317E+01
 1.3800E+02 7.8546E+01
 1.4200E+02 7.3120E+01
 1.4600E+02 6.6632E+01
 1.5000E+02 6.2800E+01
 1.5400E+02 2.8129E+01
 1.5800E+02 2.5323E+01
 1.6200E+02 2.0447E+01
 1.6600E+02 1.5258E+01
 1.7000E+02 1.0131E+01
 1.7400E+02 4.9356E+00
 1.7800E+02 0.0000E+00
 1.8200E+02 0.0000E+00
 1.8600E+02 0.0000E+00
 1.9000E+02 0.0000E+00
