 1000370.0 
 2067650.0 
 2069420.0 
 2071170.0 
 2072930.0 
 2074700.0 
 2076450.0 
 2078220.0 
 2080000.0 
 2081750.0 
 2083520.0 
 2085300.0 
 2087060.0 
 2088830.0 
 2090620.0 
 2092400.0 
 2094170.0 
 2095960.0 
 2097740.0 
 2099520.0 
 2101290.0 
 2103090.0 
 2104870.0 
 2106660.0 
 2108460.0 
 2110240.0 
 2112040.0 
 2113840.0 
 2115620.0 
 2117430.0 
 2119220.0 
 2121020.0 
 2122830.0 
 2124630.0 
 2126430.0 
 2128260.0 
 2130050.0 
 2131860.0 
 2133680.0 
 2135480.0 
 2137300.0 
 2139120.0 
 2140940.0 
 2142760.0 
 2144580.0 
 2146410.0 
 2148220.0 
 2150050.0 
 2151880.0 
 2153710.0 
 2155540.0 
 2157370.0 
