RAMPA
SIN DV    CON DV
1000370.0 1000250.0 
1025960.0 1017210.0 
1053010.0 1040580.0 
1081650.0 1067120.0 
1112030.0 1095840.0 
1144300.0 1126510.0 
1178640.0 1159130.0 
1215270.0 1193860.0 
1254420.0 1230850.0 
1296350.0 1270350.0 
1341370.0 1312580.0 
1389830.0 1357860.0 
1442140.0 1406500.0 
1498790.0 1458890.0 
1560320.0 1515460.0 
1627380.0 1576720.0 
1700770.0 1643260.0 
1781400.0 1715780.0 
1870410.0 1795090.0 
1969160.0 1882140.0 
2079350.0 1978100.0 
2081790.0 2028020.0 
2083560.0 2054420.0 
2085330.0 2068780.0 
2087110.0 2077000.0 
2088860.0 2082080.0 
2090660.0 2085530.0 
2092420.0 2088170.0 
2094200.0 2090370.0 
2095980.0 2092380.0 
2097760.0 2094270.0 
2099540.0 2096110.0 
2101330.0 2097920.0 
2103110.0 2099710.0 
2104900.0 2101500.0 
2106700.0 2103300.0 
2108490.0 2105080.0 
2110280.0 2106870.0 
2112080.0 2108660.0 
2113860.0 2110440.0 
2115670.0 2112230.0 
2117460.0 2114020.0 
2119260.0 2115820.0 
2121050.0 2117610.0 
2122850.0 2119410.0 
2124660.0 2121200.0 
2126460.0 2123010.0 
2128270.0 2124810.0 
2130080.0 2126610.0 
2131900.0 2128410.0 
2133710.0 2130220.0 
2135520.0 2132010.0 
STEP
SIN DV                
 1000370.0                 
 2067650.0                 
 2069420.0                 
 2071170.0                 
 2072930.0                 
 2074700.0                 
 2076450.0                 
 2078220.0                 
 2080000.0                 
 2081750.0                 
 2083520.0                 
 2085300.0                 
 2087060.0                 
 2088830.0                 
 2090620.0                 
 2092400.0                 
 2094170.0                 
 2095960.0                 
 2097740.0                 
 2099520.0                 
 2101290.0                 
 2103090.0                 
 2104870.0                 
 2106660.0                 
 2108460.0                 
 2110240.0                 
 2112040.0                 
 2113840.0                 
 2115620.0                 
 2117430.0                 
 2119220.0                 
 2121020.0                 
 2122830.0                 
 2124630.0                 
 2126430.0                 
 2128260.0                 
 2130050.0                 
 2131860.0                 
 2133680.0                 
 2135480.0                 
 2137300.0                 
 2139120.0                 
 2140940.0                 
 2142760.0                 
 2144580.0                 
 2146410.0                 
 2148220.0                 
 2150050.0                 
 2151880.0                 
 2153710.0                 
 2155540.0                 
 2157370.0                 


CON DV
 1000250.0
 1524210.0
 1789560.0
 1926140.0
 1996900.0
 2033970.0
 2053790.0
 2064810.0
 2071310.0
 2075490.0
 2078500.0
 2080890.0
 2082980.0
 2084910.0
 2086770.0
 2088590.0
 2090380.0
 2092160.0
 2093950.0
 2095730.0
 2097500.0
 2099290.0
 2101060.0
 2102850.0
 2104630.0
 2106420.0
 2108210.0
 2110000.0
 2111780.0
 2113580.0
 2115370.0
 2117160.0
 2118950.0
 2120750.0
 2122550.0
 2124350.0
 2126160.0
 2127960.0
 2129760.0
 2131580.0
 2133380.0
 2135190.0
 2137010.0
 2138820.0
 2140630.0
 2142450.0
 2144260.0
 2146080.0
 2147900.0
 2149730.0
 2151550.0
 2153370.0