NEUTYP 1 2 3
1 83
IADXSO 3397
NFLXSO 1
1
0.00000000E+00
9.99999978E-03 0.150000006 7.00000022E-03 0.200000003 0.238095239 0.833333313 4.56822521E-14 1.30520768E-12 0.00000000E+00 0.00000000E+00 0.00000000E+00 0.00000000E+00 0.00000000E+00 9.99999978E-03 0.00000000E+00 0.00000000E+00
1.99999996E-02 0.649993181 7.59024220E-03 0.216864064 0.238095239 0.833333313 4.56822521E-14 1.30520768E-12 0.00000000E+00 0.00000000E+00 0.00000000E+00 0.00000000E+00 0.00000000E+00 9.99999978E-03 0.00000000E+00 0.00000000E+00
2 3414
IADXSO 6728
NFLXSO 1
1
0.00000000E+00
9.99999978E-03 0.150000006 7.00000022E-03 0.200000003 0.238095239 0.833333313 4.56822521E-14 1.30520768E-12 0.00000000E+00 0.00000000E+00 0.00000000E+00 0.00000000E+00 0.00000000E+00 9.99999978E-03 0.00000000E+00 0.00000000E+00
1.99999996E-02 0.650000036 7.59024220E-03 0.216864064 0.238095239 0.833333313 4.56822521E-14 1.30520768E-12 0.00000000E+00 0.00000000E+00 0.00000000E+00 0.00000000E+00 0.00000000E+00 9.99999978E-03 0.00000000E+00 0.00000000E+00
3 6745
IADXSO 10059
NFLXSO 1
1
0.00000000E+00
8.00000038E-03 5.00000007E-02 3.00000003E-03 5.99999987E-02 0.256410271 0.666666687 1.95779723E-14 3.91562596E-13 0.00000000E+00 0.00000000E+00 0.00000000E+00 0.00000000E+00 0.00000000E+00 9.99999978E-03 0.00000000E+00 0.00000000E+00
1.80000011E-02 0.550000012 3.25296097E-03 6.50592148E-02 0.256410271 0.666666687 1.95779723E-14 3.91562596E-13 0.00000000E+00 0.00000000E+00 0.00000000E+00 0.00000000E+00 0.00000000E+00 9.99999978E-03 0.00000000E+00 0.00000000E+00
